# id	file_path	transparent_color_r	g	b
[TEXTURES]
2	textures\misc\light.png		255	0	128
19	textures\misc\HaiXanh.png	255	0	128
15	textures\misc\heartSmall.png	255	0	128
16	textures\misc\TienDo.png	255	0	128
17	textures\misc\BinhVang.png	255	0	128
18	textures\misc\axe.png	255	0	128
5	textures\misc\heart.png		255	0	0
6	textures\misc\cung.png	255	0	128
50	textures\misc\die-effect.png	255	0	0
27	textures\enemy\Boss.png	255	0	128
4	textures\enemy\zoombie.png	255	0	128
8	textures\weopon\image.png	55	0	128
-1	textures\map4\tilesheet.png	255	0	0

[MAP]
#file titlesheet file matrix map
-1	textures/map4/matrix.dat

# id	left	top	with	height	 achorX achorY texture_id
[SPRITES]
#HEARTBIG
30001	0	0	10	10	0	0	0	0	5
#CUNG
40001	0	0	20	20	0	0	0	0	6
# Weapon
#w11
60001	0	0	8	24	0	0	0	0	8
#w12
60002	8	5	16	19	0	0	0	0	8
#w13
60003	24	16	24	8	0	0	0	0	8
#w21
60004	48	0	8	23	0	0	0	0	8
#w22
60005	56	5	16	19	0	0	0	0	8
#w23
60006	72	18	24	6	0	0	0	0	8
#w31
60007	96	0	8	24	0	0	0	0	8
#w32
60008	104	5	16	19	0	0	0	0	8
#w33
60009	120	18	40	6	0	0	0	0	8
#w41
60010	48	0	8	24	0	0	0	0	8
#w42
60011	56	5	16	19	0	0	0	0	8
#w43
60012	160	18	40	6	0	0	0	0	8
#w51
60013	200	0	8	24	0	0	0	0	8
#w52
60014	208	5	16	19	0	0	0	0	8
#w53
60015	224	18	40	6	0	0	0	0	8
#w61
60016	264	0	8	24	0	0	0	0	8
#w62
60017	272	5	16	19	0	0	0	0	8
#w63
60018	288	18	40	6	0	0	0	0	8

#TienDo
#Alone
70001	0	0	16	16	0	0	0	0	16
#Ani
70002	0	0	16	16	0	0	0	0	16
70003	16	0	16	16	0	0	0	0	16
70004	32	0	16	16	0	0	0	0	16

#Light
100001	0	0	8	16	0	0	0	0	2
100002	8	0	8	16	0	0	0	0	2

#heart small
110001	0	0	8	16	0	0	0	0	15

#HaiXanh
120001	0	0	16	16	0	0	0	0	19

#BinhVang
160001	0	0	16	16	0	0	0	0	17

#AXE
170001	0	0	16	16	0	0	0	0	18

#Zoombie
210001	0	0	16	32	0	0	0	0	4
210002	16	1	16	31	0	0	0	0	4

#Boss
#stand
220001	0	16	16	16	0	0	0	0	27
#fly
220002	16	0	48	32	23	0	0	0	27
220003	64	0	32	32	15	1	0	0	27

#die efect
550001	0	2	11	13	10	3	10	3	50
550002	11	3	13	12	10	2	10	2	50

# ani_id	sprite1_id	time1	sprite2_id	time2	...
[ANIMATIONS]
#==HEART BIG==
300	30001	100
#==CUNG==
400	40001	100
#==Weapon==
601	60001	100
602	60002	100
603	60003	100
604	60004	100
605	60005	100
606	60006	100
607	60007	100
608	60008	100
609	60009	100
610	60010	100
611	60011	100
612	60012	100
613	60013	100
614	60014	100
615	60015	100
616	60016	100
617	60017	100
618	60018	100

#==TienDo==
701	70001	100
702	70002	100	70003	100	70004	100

#== Light
1001	100001	100	100002	100

#== heartSamll ==
1101	110001	100

#Hai xanh
1201	120001	100

#==Binh Vang==
1601	160001	100

#==Axe==
1701	170001	100

#Zoombie
2201	210001	100	210002	100

#Boss
2301	220001	100
2302	220002	100	220003	100

# die efect
5501	550001	100	550002	100

# id	ani1	ani2	ani3
[ANIMATION_SETS]
#HEART
3	300
# CUNG
4	400
#Weapon
6	601	602	603	604	605	606	607	608	609	610	611	612	613	614	615	616	617	618
#TienDo
7	701	702
#Light
11	1001
#heart small
12	1101
#HaiXAnh
13	1201
#BinhVang
17	1601
#Axe
18	1701
#Zoombie
23	2201
#boss
24	2301	2302
#die-efect
50	5501

[STAIR]
#type 	x	y	with  height  ani_set_id IsRightStair IsTop
	
-2	147	105	15	6	-1	0	0	
-2	115	70	11	9	-1	0	1	
-2	309	101	10	11	-1	0	1	
-2	375	169	12	7	-1	0	0	
-2	703	138	13	7	-1	1	0	
-2	735	102	13	10	-1	1	1	

[OBJECTS]
# type collitionid 	x	y	with  height  ani_set_id	extra_settings per object type
# type: 0 = Simon , 2 = light, 5 = HEART,  8 = weapon, -1  = Ground, -3 = Gate
# Simon

-1	4	175	777	12	-1
-1	14	78	113	3	-1
-1	142	111	178	15	-1
-1	688	144	33	15	-1
-1	736	111	47	2	-1
2	108	47	16	22	11
2	171	80	16	22	11
2	235	49	16	22	11
2	373	109	16	22	11
2	311	142	16	22	11
2	427	145	16	22	11
2	494	144	16	22	11
2	554	114	16	22	11
2	622	145	16	22	11
2	680	127	16	22	11
2	750	112	16	22	11
4	199	77	16	29	23
4	281	77	16	29	23
4	344	142	16	29	23
4	289	142	16	29	23
4	210	142	16	29	23
4	565	142	16	29	23
4	532	142	16	29	23
15	311	143	9	16	12
16	103	48	17	16	7
6	170	81	9	16	4
17	230	50	17	16	17
18	368	110	17	16	18
15	426	146	9	16	12
15	493	145	9	16	12
5	554	113	17	17	3
15	621	147	9	16	12
16	668	128	17	16	7
5	751	111	17	17	3
19	704	144	16	15	13
27	630	58	16	16	24
8	100	40	25	18	6
0	100	40	16	30	1

[GRID]
textures/map4/grid.dat

[SPACE]
#id X       Y       Width       Height CameraX     CameraY PlayerX     PlayerY
#SceneCount 2
#space1
0	14	4	760	170	14	4	36	18
#spcae2
1	521	11	250	224	521	11	598	134

