# id	file_path	transparent_color_r	g	b
[TEXTURES]
2	textures\misc\light.png		255	0	128
23	textures\misc\HaiDo.png	255	0	128
15	textures\misc\heartSmall.png	255	0	128
16	textures\misc\TienDo.png	255	0	128
22	textures\misc\TienVang.png	255	0	128
25	textures\misc\TienTim.png	255	0	128
24	textures\misc\BinhXanh.png	255	0	128
18	textures\misc\axe.png	255	0	128
5	textures\misc\heart.png	255	0	0
11	textures\enemy\Sketon.png	255	0	128
12	textures\enemy\fleaman.png	255	0	128
13	textures\enemy\raven.png	255	0	128
50	textures\misc\die-effect.png	255	0	0
51	textures\enemy\WhiteBone.png	255	0	128
8	textures\weopon\image.png	55	0	128
-1	textures\map3\tilesheet.png	255	0	0

[MAP]
#file titlesheet file matrix map
-1	textures/map3/matrix.dat

# id	left	top	with	height	 achorX achorY texture_id
[SPRITES]
#HEARTBIG
30001	0	0	10	10	0	0	0	0	5

# Weapon
#w11
60001	0	0	8	2	0	0	0	0	8
#w12
60002	8	8	16	24	0	0	0	0	8
#w13
60003	24	16	24	16	0	0	0	0	8
#w21
60004	48	0	8	32	0	0	0	0	8
#w22
60005	56	8	16	24	0	0	0	0	8
#w23
60006	72	16	40	16	0	0	0	0	8
#w31
60007	112	0	8	32	0	0	0	0	8
#w32
60008	120	8	16	24	0	0	0	0	8
#w33
60009	136	16	40	16	0	0	0	0	8
#w41
60010	176	0	8	32	0	0	0	0	8
#w42
60011	184	8	16	24	0	0	0	0	8
#w43
60012	200	16	40	16	0	0	0	0	8

#TienDo
#Alone
70001	0	0	16	16	0	0	0	0	16
#Ani
70002	0	0	16	16	0	0	0	0	16
70003	16	0	16	16	0	0	0	0	16
70004	32	0	16	16	0	0	0	0	16

#TienVang
#Alone
70005	0	0	16	16	0	0	0	0	22
#Ani
70006	0	0	16	16	0	0	0	0	22
70007	16	0	16	16	0	0	0	0	22
70008	32	0	16	16	0	0	0	0	22

#TienTim
#Alone
70009	0	0	16	16	0	0	0	0	25
#Ani
70010	16	0	16	16	0	0	0	0	25
70011	0	0	16	16	0	0	0	0	25
70012	32	0	16	16	0	0	0	0	25

#Light
100001	0	0	8	16	0	0	0	0	2
100002	8	0	8	16	0	0	0	0	2

#heart small
110001	0	0	8	16	0	0	0	0	15

#HaiDo
150001	0	0	16	16	0	0	0	0	23

#Xanh
160001	0	0	16	16	0	0	0	0	24

#AXE
170001	0	0	16	16	0	0	0	0	18

#SKETON
180001	0	0	16	32	0	0	0	0	11
180002	16	0	16	32	0	0	0	0	11

#Fleaman
190001	0	0	16	16	0	0	0	0	12
190002	16	0	16	16	0	0	0	0	12

#Raven
#Stand
200001	0	0	16	16	0	0	0	0	13
#Fly
200002	16	0	16	16	0	0	0	0	13
200003	32	0	16	16	0	0	0	0	13
200004	48	0	16	16	0	0	0	0	13

#die efect
550001	0	2	11	13	10	3	10	3	50
550002	11	3	13	12	10	2	10	2	50

#WhiteBone
660001	0	0	6	16	0	0	0	0	51
660002	6	3	15	13	0	0	0	0	51
660003	21	3	15	13	0	0	0	0	51

# ani_id	sprite1_id	time1	sprite2_id	time2	...
[ANIMATIONS]
#==HEART BIG==
300	30001	100

#==Weapon==
601	60001	100
602	60002	100
603	60003	100
604	60004	100
605	60005	100
606	60006	100
607	60007	100
608	60008	100
609	60009	100
610	60010	100
611	60011	100
612	60012	100

#==TienDo==
701	70001	100
702	70002	100	70003	100	70004	100

#==Tien Vang==
703	70005	100
704	70006	100	70007	100	70008	100

#== Light
1001	100001	100	100002	100

#== heartSamll ==
1101	110001	100

#==HaiDo==
1501	150001	100

#==Binh XAnh==
1601	160001	100

#==Axe==
1701	170001	100

#==Sketon==
1801	180001	100	180002	100

#==Fleaman==
1901	190001	100	190002	100

#Raven
2001	200001	100
2002	200002	100	200003	100	200004	100

#TienTim
2101	70009	100
2102	70010	100	70011	100	70012	100
# die efect
5501	550001	100	550002	100

#whiteBone
6601	660001	100	660002	100	660003	100

# id	ani1	ani2	ani3
[ANIMATION_SETS]
#HEART
3	300

#Weapon
6	601	602	603	604	605	606	607	608	609	610	611	612
#TienDo
7	701	702
#Tien VAng
8	703	704
#Light
11	1001
#heart small
12	1101
#HaiDo
16	1501
#BinhXanh
25	1601
#Axe
18	1701
#Sketon
19	1801
#Fleaman
20	1901
#Raven
21	2001	2002
#TienTim
22	2101	2102
#die-efect
50	5501

#white bone 
51	6601

[STAIR]
#type 	x	y	with  height  ani_set_id IsRightStair IsTop
-2	150	291	19	11	-1	0	0	
-2	128	84	17	11	-1	1	1	
-2	378	150	11	8	-1	1	0	
-2	567	82	13	10	-1	0	1	
-2	622	150	18	9	-1	0	0
-2	413	115	16	12	-1	1	1	

[OBJECTS]
# type collitionid 	x	y	with  height  ani_set_id	extra_settings per object type
# type: 0 = Simon , 2 = light, 5 = HEART,  8 = weapon, -1  = Ground, -3 = Gate
# Simon

-1	675	365	95	15	-1	
-1	33	381	736	14	-1
-1	65	365	66	4	-1
-1	98	300	97	4	-1
-1	288	333	29	17	-1
-1	417	332	33	17	-1
-1	736	302	35	15	-1
-1	255	206	452	13	-1
-1	33	333	32	62	-1
-1	1	1	32	185	-1
-1	32	157	31	32	-1
-1	130	94	31	30	-1
-1	161	158	162	15	-1
-1	223	95	34	15	-1
-1	355	158	30	15	-1
-1	418	126	32	10	-1
-1	450	159	32	13	-1
-1	482	110	31	6	-1
-1	481	175	63	15	-1
-1	611	158	64	15	-1
-1	676	142	30	13	-1
-1	705	110	33	14	-1
-1	738	126	31	58	-1
-7	101	237	20	12	-1
-8	36	121	21	14	-1
-1	543	94	39	15	-1
-9	750	78	20	48	-1
2	666	350	8	16	11
2	609	349	8	16	11
2	552	350	8	16	11
2	426	348	8	16	11
2	290	351	8	16	11
2	223	350	8	16	11
2	100	324	8	16	11
2	154	265	8	16	11
2	161	53	8	16	11
2	227	125	8	16	11
2	290	127	8	16	11
2	349	127	8	16	11
2	414	94	8	16	11
2	477	143	8	16	11
2	539	144	8	16	11
2	604	130	8	16	11
2	729	83	8	16	11
11	37	299	16	32	19
11	654	125	16	32	19
12	433	316	16	16	20
12	181	284	16	16	20
13	274	29	16	16	21
13	416	78	16	16	21
13	481	46	16	16	21
13	515	159	16	16	21
23	666	349	14	14	16
15	609	350	9	16	12
24	547	350	17	18	25
2	727	333	8	16	11
22	723	335	16	16	8
2	475	349	8	16	11
16	471	350	17	16	7
15	426	350	9	16	12
12	307	316	16	16	20
16	286	352	17	16	7
15	223	351	9	16	12
16	95	325	17	16	7
5	152	265	17	17	3
5	161	52	17	17	3
15	227	126	9	16	12
15	290	128	9	16	12
16	349	128	17	16	7
16	413	95	17	16	7
15	476	143	9	16	12
16	531	144	17	16	7
2	673	128	8	16	11
15	673	125	9	16	12
25	723	84	16	17	22
18	593	132	17	16	18
8	100	40	25	18	6
0	100	40	16	30	1

[GRID]
textures/map3/grid.dat

[SPACE]
#id X       Y       Width       Height CameraX     CameraY PlayerX     PlayerY
#SceneCount 2
#space1
0	0 	212	770	184	523	200	699	331
#spcae2
1	0 	0	770	170	0	0	92	162



