# id	file_path	transparent_color_r	g	b
[TEXTURES]
0	textures\simon\simon.png	255	0	128
1	textures\misc\fire.png	55	0	128
5	textures\misc\heart.png	255	0	0
6	textures\misc\cung.png	255	0	128
7	textures\misc\Kiem.png	255	0	0
8	textures\weopon\image.png	55	0	128
-1	textures\tilesheet.png	255	0	0

[MAP]
#file titlesheet file matrix map
-1	textures/matrix.dat

# id	left	top	with	height	 achorX achorY texture_id
[SPRITES]
# SIMON
# stand
10001	0	0	16	32	0	0  	0
#Go
10002	16	0	16	32	3	0	0
10003	32	0	16	32	3	0	0
10004	48	0	16	32	5	0	0
#Jumb
10005	64	0	16	32	0	0	0
#AscendStairs
10006	80	0	16	32	0	0	0
10007	32	0	16	32	0	0	0
#DescendStairs
10008	96	0	16	32	0	0	0
10009	32	0	16	32	0	0	0
#Hurt
10010	112	0	16	32	0	0	0
#Dead
10011	128	0	16	32	5	2	0
10012	144	16	32	16	7	3	0
#intro
10013	176	0	16	32	0	0	0
#StandingHaveUseSubWeapon
10014	192	0	24	32	0	0	0
10015	216	0	16	32	0	0	0
10016	232	0	24	32	0	0	0
10017	256	0	24	32	0	0	0
10018 	280	0	24	32	0	0	0
10019 	304	0	24	32	0	0	0
#DuckingHaveUseSubWeapon
10020	328	0	16	32	0	0	0
10021	344	0	24	32	0	0
10022	368	0	24	32	0	0	0
10023	392	0	24	32	0	0	0
10024	416	0	24	32	0	0	0
#AscendingStairsHaveUseSubweapon
10025	440	0	24	32	0	0	0
10026	464	0	16	32	0	0	0
10027	480	0	24	32	0	0 	0
10028	504	0	24	32	0	0	0
10029	528	0	24	32	0	0	0
10030 	552	0	24	32	0	0	0
#DescendingStairsHaveUseSubweapon
10031	576	0	16	32	0	0 	0
10032	592	0	24	32	0	0 	0
10033	616	0	24	32	0	0	0
10034 	640	0	24	32	0	0	0
10035	664	0	24	32	0	0	0
#Colors
10038	688	0	16	32	0	0	0
10039 	704	0	16	32	0	0	0
10040 	720	0	16	32	0	0	0
10041	736	0	16	32	0	0	0
10042	752	0	16	32	0	0	0
#FIRE
20001	0	0	16	32	0	0	1
20002	16	0	16	32	0	0	1
#HEART
30001	0	0	10	10	0	0	5
#CUNG
40001	0	0	20	20	0	0	6
#KIEM
50001	0	0	20	14	0	0	7

# Weapon
#w11
60001	0	0	8	2	0	0	8
#w12
60002	8	8	16	24	0	0	8
#w13
60003	24	16	24	16	0	0	8
#w21
60004	48	0	8	32	0	0	8
#w22
60005	56	8	16	24	0	0	8
#w23
60006	72	16	40	16	0	0	8
#w31
60007	112	0	8	32	0	0	8
#w32
60008	120	8	16	24	0	0	8
#w33
60009	136	16	40	16	0	0	8
#w41
60010	176	0	8	32	0	0	8
#w42
60011	184	8	16	24	0	0	8
#w43
60012	200	16	40	16	0	0	8


# ani_id	sprite1_id	time1	sprite2_id	time2	...
[ANIMATIONS]
#==SIMON==
#Stand
100	10001	100
#Go
101	10002	100	10003	100	10004	100
#Jumb
102	10005	100
#AscendStairs
103	10006	100	10007	100
#DescendStairs
104	10008	100	10009	100
#Hurt
105	10010	100
#Dead
106	10011	100	10012	100
#intro
107	10013	100
#StandingHaveUseSubWeapon
108	10014	100	10015	100	10016	100	10017	100	10018	100	10019	100
#DuckingHaveUseSubWeapon
109	10020	100	10021	100	10022	100	10023	100	10024	100
#AscendingStairsHaveUseSubweapon
110	10025	100	10026	100	10027	100	10028	100	10029	100	10030 	100
#DescendingStairsHaveUseSubweapon
111	10031	100	10032	100	10033	100	10034	100	10035	100
#Colors
112	10038	50	10039	50	10040	100	10041	100	10042	100

#==FIRE==
200	20001	100	20002	100

#==HEART==
300	30001	100

#==CUNG==
400	40001	100

#==KIEM==
500	50001	100

#==Weapon==
601	60001	100
602	60002	100
603	60003	100
604	60004	100
605	60005	100
606	60006	100
607	60007	100
608	60008	100
609	60009	100
610	60010	100
611	60011	100
612	60012	100

# id	ani1	ani2	ani3
[ANIMATION_SETS]
# SIMON
1	100	101	102	103	104	105	106	107	108	109 	110 	111	112
# FIRE
2	200
#HEART
3	300
# CUNG
4	400
# KIEM
5	500
#Weapon
6	601	602	603	604	605	606	607	608	609	610	611	612


[OBJECTS]
# type collitionid 	x	y	with  height  ani_set_id	extra_settings per object type
# type: 0 = Simon , 1 = FIRE, 5 = HEART, 6= CUNG, 7=KIEM, 8 = weapon, -1  = Ground, -3 = Gate
# Simon

-1	-3	164	780	12	-1
1	95	130	16	32	2
1	196	132	16	32	2
1	339	132	16	32	2
1	549	133	16	32	2
1	447	130	16	32	2
5	95	133	20	32	3
5	448	131	20	32	3
6	196	132	20	32	4
6	340	132	20	32	4
7	543	142	30	25	5
-3	683	66	23	99	-1
8	100	40	25	18	6
0	100	40	16	30	1



[SPACE]
#id X       Y       Width       Height CameraX     CameraY PlayerX     PlayerY
#SceneCount
0	0	0	768	178	0	0	30	50


