# id	file_path	transparent_color_r	g	b
[TEXTURES]
0	textures\simon\simon.png	255	0	128

# id	left	top	with	height	 achorX achorY texture_id
[SPRITES]
# SIMON
# stand
10001	0	0	16	32	0	0  	0
#Go
10002	16	0	16	32	3	0	0
10003	32	0	16	32	3	0	0
10004	48	0	16	32	5	0	0
#Jumb
10005	64	0	16	32	0	0	0
#AscendStairs
10006	80	0	16	32	0	0	0
10007	32	0	16	32	0	0	0
#DescendStairs
10008	96	0	16	32	0	0	0
10009	32	0	16	32	0	0	0
#Hurt
10010	112	0	16	32	0	0	0
#Dead
10011	128	0	16	32	5	2	0
10012	144	16	32	16	7	3	0
#intro
10013	176	0	16	32	0	0	0
#StandingHaveUseSubWeapon
10014	192	0	24	32	0	0	0
10015	216	0	16	32	0	0	0
10016	232	0	24	32	8	0	0
10017	256	0	24	32	8	0	0
10018 	280	0	24	32	8	0	0
10019 	304	0	24	32	8	0	0
#DuckingHaveUseSubWeapon
10020	328	0	24	32	0	0	0
10021	352	0	16	32	0	0	0
10022	368	0	24	32	7	0	0
10023	392	0	24	32	7	0	0
10024	416	0	24	32	7	0	0
10025	440	0	24	32	7	0	0
#AscendingStairsHaveUseSubweapon
10026	464	0	24	32	0	0	0
10027	488	0	16	32	0	0	0
10028	504	0	24	32	8	0	0
10029	528	0	24	32	8	0	0
10030	552	0	24	32	8	0	0
10031	576	0	24	32	8	0	0

#DescendingStairsHaveUseSubweapon
10032	600	0	24	32	0	0	0
10033	624	0	16	32	0	0	0
10034	640	0	24	32	8	0	0
10035	664	0	24	32	8	0	0
10036	688	0	24	32	8	0	0
10037	712	0	24	32	8	0	0
#Colors
10038	736	0	16	32	0	0	0
10039 	752	0	16	32	0	0	0
10040	768	0	16	32	0	0	0
10041	784	0	16	32	0	0	0
10042	800	0	16	32	0	0	0
#FIRE
20001	0	0	16	32	0	0	1
20002	16	0	16	32	0	0	1
#HEART
30001	0	0	10	10	0	0	5
#CUNG
40001	0	0	20	20	0	0	6
#KIEM
50001	0	0	20	14	0	0	7

# ani_id	sprite1_id	time1	sprite2_id	time2	...
[ANIMATIONS]
#==SIMON==
#Stand
100	10001	100
#Go
101	10002	100	10003	100	10004	100
#Jumb
102	10005	100
#AscendStairs
103	10006	100	10007	100
#DescendStairs
104	10008	100	10009	100
#Hurt
105	10010	100
#Dead
106	10011	100	10012	100
#intro
107	10013	100
#StandingHaveUseSubWeapon
108	10014	100	10015	100	10016	100	10017	100	10018	100	10019	100
#DuckingHaveUseSubWeapon
109	10020	100	10021	100	10022	100	10023	100	10024	100	10025	100
#AscendingStairsHaveUseSubweapon
110	10026	100	10027	100	10028	100	10029	100	10030	100	10031 	100
#DescendingStairsHaveUseSubweapon
111	10032	100	10033	100	10034	100	10035	100	10036	100
#Colors
112	10038	100	10039	100	10040	100	10041	100	10042	100

# id	ani1	ani2	ani3
[ANIMATION_SETS]
# SIMON
1	100	101	102	103	104	105	106	107	108	109	110	111	112



